@PART[bluedog_Apollo_Block2_ServiceModule]:NEEDS[UniversalStorage2]
// Block2SM_US.MM.cfg 
// Yeppppp, MODULAR MODULES, WOOOOO
{
    node_stack_US1 = -0.49497, -1.01, 0.49497, -1.0, 0.0, 1.0, 0
    node_stack_US2 = -0.49497, -0.5667, 0.49497, -1.0, 0.0, 1.0, 0
    node_stack_US3 = -0.49497, -0.12333, 0.49497, -1.0, 0.0, 1.0, 0
    node_stack_US4 = -0.49497, 0.32, 0.49497, -1.0, 0.0, 1.0, 0
    node_stack_US5 = 0.49497, -1.01, -0.49497, 1.0, 0.0, -1.0, 0
    node_stack_US6 = 0.49497, -0.5667, -0.49497, 1.0, 0.0, -1.0, 0
    node_stack_US7 = 0.49497, -0.12333, -0.49497, 1.0, 0.0, -1.0, 0
    node_stack_US8 = 0.49497, 0.32, -0.49497, 1.0, 0.0, -1.0, 0
}

