node_stack_top = 0.0, 0.131, 0.0, 0.0, 1.0, 0.0, 1, 1
node_stack_bottom = 0.0, 0.08508, 0.0, 0.0, -1.0, 0.0, 1, 1
node_stack_engine = 0.0, -0.05937, 0.0, 0.0, -1.0, 0.0, 1, 1
node_stack_antenna = -0.7065, 0.029, 0.7065, 1.0, 0.0, -1.0, 0, 1
node_attach = 0.0, 0.0, 0.0, 0.0, 1.0, 0.0, 0, 1

attachRules = 1,0,1,1,0
